1.763671453519145160e+01 -1.164928613109790518e+02 1.264253112592455636e+03
2.837372117248923331e+01 -1.164135408559203455e+02 1.269820230630803508e+03
3.639046142786263971e+01 -1.155440019436938144e+02 1.260335439652471223e+03
5.499701390957894631e+01 -1.151214891314310194e+02 1.255726737668429450e+03
4.552313602243869894e+01 -6.888477854581556414e+01 7.513841150855337219e+02
1.230415308608024638e+01 -1.115372665364332505e+02 1.261561065221151239e+03
2.103787432220202547e+01 -1.110553636369168800e+02 1.256110421197626920e+03
4.818747325735265719e+01 -1.101804784710886622e+02 1.246214884969940158e+03
3.895931685973759784e+01 -1.097983919533852202e+02 1.248479895850010507e+03
5.812271965762981552e+01 -1.097034416584444472e+02 1.247400248578045876e+03
2.969343673341945333e+01 -1.093997417613888672e+02 1.250579716748695091e+03
3.571079988639149150e+01 -9.194415190284875905e+01 1.079828143101384967e+03
1.510437151175452364e+01 -1.058385525493470141e+02 1.249856207139303478e+03
6.195966304133948199e+01 -1.052311764918090518e+02 1.242683653119087921e+03
2.770765798498337418e+01 -1.015345634764175600e+02 1.240011644536941503e+03
3.621921700996816185e+01 -1.005046768613115660e+02 1.234466071109260383e+03
6.424492950689507609e+01 -1.002184280794988354e+02 1.230950170953372208e+03
-2.390235326767579238e+01 -1.034997169383505451e+02 1.278578309106114375e+03
-1.544882867103502377e+01 -1.027961066251331772e+02 1.269886296111731554e+03
-7.108599409534245517e+00 -1.020895635893009086e+02 1.261158053882787044e+03
1.117628397690183517e+00 -1.013804051460175373e+02 1.252397502355465804e+03
5.444294688759438117e+01 -9.956564833212162569e+01 1.229978999511328539e+03
7.405382814462797114e+01 -9.971145716150924443e+01 1.231780241215614524e+03
8.467686723092020884e+01 -1.000458424737340835e+02 1.235911052581495142e+03
9.837771538710011754e+00 -1.003802802108763501e+02 1.247229222602759819e+03
1.848361463399881544e+01 -9.995354811324952493e+01 1.241927058260673448e+03
4.535236409990243089e+01 -9.860761952011017684e+01 1.232345943918493958e+03
-3.728615836531007233e+01 -1.000383628948856938e+02 1.287760458132293934e+03
1.262888280627965720e+01 -9.599928390730984518e+01 1.235766742352093843e+03
4.707524869245767007e+01 -9.457642493392910410e+01 1.217450753661398267e+03
5.750708553851390548e+01 -9.492654033517467838e+01 1.221957672371982426e+03
-2.868656318257437121e+01 -9.877705195159083473e+01 1.279204785515903268e+03
-2.072877070079358930e+01 -9.782151175735535276e+01 1.266830134065302673e+03
-1.237315184112509137e+01 -9.715767494428307316e+01 1.258233165323009416e+03
-4.129676080149028650e+00 -9.649114258401071709e+01 1.249601288099345538e+03
2.055056080863985457e+01 -9.474703435127463536e+01 1.227014345548487654e+03
3.031794566986403083e+01 -9.487092816999889067e+01 1.228618823133884462e+03
6.724541748675291331e+01 -9.442766535576723186e+01 1.222878381381439112e+03
1.598552595599230486e+01 -9.138595042395448331e+01 1.227993761828257902e+03
4.257608352753076986e+01 -9.069281756250254034e+01 1.218679826523843303e+03
-1.761239484182924286e+01 -9.282915178881984275e+01 1.255254336841817576e+03
-1.204812628511266581e+00 -9.156894123103975858e+01 1.238213517901815067e+03
3.354087738395048035e+01 -9.028096037239039617e+01 1.220797183405224359e+03
-2.598229699498817524e+01 -9.286700452735058775e+01 1.263736949753873887e+03
-9.353224123631427744e+00 -9.161996662525123725e+01 1.246767221025707840e+03
7.426599019158294901e+00 -9.062195105024234465e+01 1.233186195504451234e+03
2.511226828979945225e+01 -9.011071694156731837e+01 1.226229306603002442e+03
6.126924724245968434e+01 -8.946550279148488016e+01 1.217449213327536881e+03
7.096890828894015613e+01 -8.952567719768985910e+01 1.218268068430463700e+03
8.067006264874393651e+01 -8.957309299100528222e+01 1.218913303951083208e+03
9.119205228688456089e+01 -8.985883121593995781e+01 1.222801638183944988e+03
5.157596881653213927e+01 -8.882647454491436179e+01 1.216474662398913779e+03
1.020858367377711851e+01 -8.637937600544211136e+01 1.221991393942508921e+03
3.908932941907850278e+01 -7.233170083244282011e+01 1.023261801762733739e+03
-3.922317467231769683e+01 -8.936784029944479357e+01 1.272666443863511404e+03
-3.071123693208797434e+01 -8.878170712647373364e+01 1.264319458881262335e+03
-2.230751929881824225e+01 -8.819251359355185116e+01 1.255928892031055739e+03
-1.455235551215398715e+01 -8.734640149464109982e+01 1.243879608167615288e+03
-5.828232018920923352e+00 -8.700603725698454127e+01 1.239032560924386871e+03
3.413108102436827274e+00 -8.690661188595926490e+01 1.237616667545420114e+03
1.930026945588856790e+01 -8.569215968803099770e+01 1.220321938761544516e+03
2.836294526762204171e+01 -8.556257212368058163e+01 1.218476512664884240e+03
3.672267002310087491e+01 -8.518239587266221235e+01 1.213062511881115370e+03
5.391117034455153600e+01 -8.463495211156761400e+01 1.205266493735068025e+03
6.425513920766138654e+01 -8.493436417265827743e+01 1.209530350641101904e+03
7.388928350207893914e+01 -8.498608284843308525e+01 1.210266864167210542e+03
5.653760672640521179e+00 -8.188063213774799465e+01 1.222904546335517125e+03
1.414962708690515214e+01 -8.154217881280142421e+01 1.217849674395798502e+03
3.157202768199528009e+01 -8.106965571321073583e+01 1.210792442036308557e+03
4.946688582028596670e+01 -8.078517493231790070e+01 1.206543661449054980e+03
-3.544370674327544180e+01 -8.410066738885235793e+01 1.264872825681288077e+03
-2.751190564597514054e+01 -8.330317906778840609e+01 1.252878612823879848e+03
-1.100379357203514630e+01 -8.219664831676659844e+01 1.236236406273046669e+03
-2.912594478381843377e+00 -8.163981158752484646e+01 1.227861589888979779e+03
2.257301846738085516e+01 -8.063176333144926389e+01 1.212700558643055956e+03
3.986346512243830631e+01 -8.014615478912597268e+01 1.205397013163881411e+03
6.794995677203355910e+01 -8.012187062339053512e+01 1.205031779661142536e+03
7.754559634796808609e+01 -8.016541951147345912e+01 1.205686754310392871e+03
-1.920406686251108397e+01 -8.217173593428974243e+01 1.244592854462587184e+03
8.794622761712093961e+01 -7.985696502559466126e+01 1.209532778148955686e+03
1.114952879575155293e+02 -7.413659861582749500e+01 1.122890734171726308e+03
5.835813088862930442e+01 -7.894589287493589325e+01 1.204241197469567396e+03
-4.830375238022745776e+01 -8.076090976159747470e+01 1.277370429734681011e+03
-3.220063573273521484e+01 -7.924799397396398604e+01 1.253441106804731817e+03
-1.668240053034947223e+01 -7.775645154576986329e+01 1.229849839716556744e+03
-7.498297239629859945e+00 -7.768003028845286906e+01 1.228641108232624447e+03
1.092086700545342293e+00 -7.737242829746197970e+01 1.223775862303880331e+03
9.019579238039897362e+00 -7.684009060235547395e+01 1.215356040977331531e+03
1.806354284746403849e+01 -7.673552377485742682e+01 1.213702139680633991e+03
2.643995785078731942e+01 -7.640663971161561108e+01 1.208500281771452137e+03
4.364244134164776057e+01 -7.593896590686527759e+01 1.201103229277701757e+03
6.132943538839388253e+01 -7.564606892499433854e+01 1.196470567948044618e+03
-4.017885383042750647e+01 -7.941262847867670871e+01 1.265380471158238379e+03
-2.334682527925606976e+01 -7.837597348823848620e+01 1.248862154042195925e+03
3.540058945051123374e+01 -7.572147015551844618e+01 1.206564641137805438e+03
5.392335958260547812e+01 -7.565710323846921881e+01 1.205539002755307820e+03
7.161542056968906422e+01 -7.534296818680094532e+01 1.200533497115936370e+03
1.186293220265677064e+02 -8.758581797695883608e+01 1.406064485669343867e+03
1.319787258768348579e+02 -8.818090209512794786e+01 1.415617706314763382e+03
-2.076785718153086435e+01 -7.399256873959454595e+01 1.234047269741306764e+03
5.621531697280766338e+01 -7.162189002278378780e+01 1.194509115467867559e+03
-4.537126372649467498e+01 -7.508474438774391047e+01 1.262080642710884376e+03
-3.689271960985355037e+01 -7.460251295628499690e+01 1.253974935487482071e+03
-2.901545268151918577e+01 -7.390230296205562865e+01 1.242205281255378850e+03
-4.035569132178314256e+00 -7.264820168918826937e+01 1.221125407395632010e+03
4.488597698976177774e+00 -7.235828875804192251e+01 1.216252333624722269e+03
1.294337705389024862e+01 -7.206163836742992146e+01 1.211266011586910963e+03
2.132645007870771181e+01 -7.175844488759726403e+01 1.206169708402912875e+03
3.853266260789074948e+01 -7.133017498549318702e+01 1.198971026996873888e+03
6.573196528713765474e+01 -7.111509447080811697e+01 1.195355792551824379e+03
-1.262687763091401827e+01 -7.236032495842717083e+01 1.225897932925417990e+03
7.525155658604059283e+01 -7.059767536228129359e+01 1.196035871116982207e+03
8.556148422118928920e+01 -7.082112501549576677e+01 1.199821460362828020e+03
9.509937312705424972e+01 -7.084025613541835753e+01 1.200145571681857064e+03
2.963639790198374868e+01 -7.033046382996975865e+01 1.200999457837807313e+03
4.739526329911787883e+01 -7.008787656502205721e+01 1.196856911950652375e+03
-4.965449118373283710e+01 -7.060732156186863051e+01 1.266242233960273097e+03
-4.158729633253534530e+01 -6.995054106800625959e+01 1.254463806718260912e+03
-3.366505125277672761e+01 -6.929815319308256960e+01 1.242764154870851144e+03
-2.538520886772044705e+01 -6.884823712393294670e+01 1.234695547878084199e+03
-1.615855063806498038e+01 -6.878959604569335795e+01 1.233643903257251395e+03
-9.681454813059490405e+00 -6.774948139249526946e+01 1.214990921202319214e+03
-6.149325549615789477e-01 -6.767596316201533568e+01 1.213672475942812525e+03
7.843417537703214037e+00 -6.740384141566956089e+01 1.208792358125283954e+03
1.623199468589523420e+01 -6.712552871496791340e+01 1.203801214316391906e+03
2.580979825967927610e+01 -6.721419079377061223e+01 1.205391243030798250e+03
3.279086695234909854e+01 -6.655105447282939224e+01 1.193498833038825524e+03
5.989734120835908726e+01 -6.636648187000706400e+01 1.190188785018935278e+03
7.963169917627256211e+01 -6.606655759882669088e+01 1.194804535697598567e+03
8.913505105552334840e+01 -6.608948317406384376e+01 1.195219141547704339e+03
7.838444028443859679e+01 -5.150823870678696181e+01 9.394440384868689762e+02
1.421381179441552831e+02 -7.739639515305135831e+01 1.411610721943158751e+03
2.836327978501589087e+01 -6.326699544911708273e+01 1.194558336849155467e+03
4.603320157632523291e+01 -6.249683907244677528e+01 1.190501537626998697e+03
-5.439451610436192652e+01 -6.590156269115283294e+01 1.266612190889362637e+03
-4.628385875343593625e+01 -6.529257599985758986e+01 1.254907613095071611e+03
-3.831746075312916844e+01 -6.468753793013281950e+01 1.243278926858039085e+03
-2.179807457921091540e+01 -6.385338973381752226e+01 1.227246799070526549e+03
-1.369470257531725288e+01 -6.343312651209278386e+01 1.219169440988539009e+03
-5.146356694321854164e+00 -6.318906261204153196e+01 1.214478591507325973e+03
1.947987363779530412e+01 -6.224844026912144557e+01 1.196400056220552869e+03
-3.000633926629320314e+01 -6.369621563217820892e+01 1.235300248832671286e+03
2.764174336904778873e+00 -6.220073990740744563e+01 1.206297559793806386e+03
1.115722189852221646e+01 -6.194878527155306358e+01 1.201411247141218837e+03
3.656010215266783092e+01 -6.132789963534963107e+01 1.189370026586959284e+03
6.355110993298855959e+01 -6.114730042438986146e+01 1.185867553982842992e+03
7.374815079067940360e+01 -6.134896866792742998e+01 1.189778631414227220e+03
8.321594267391634503e+01 -6.137493387995301219e+01 1.190282190888803143e+03
9.267877755415706531e+01 -6.139232640275149322e+01 1.190619494879747435e+03
5.481436325951049326e+01 -6.071800421191659325e+01 1.188291179781990650e+03
8.125895405732926235e+01 -3.886263908143006063e+01 7.747113044247847711e+02
-6.664080006660466893e+01 -6.272909417390100373e+01 1.286362562925566863e+03
-5.871839070693957296e+01 -6.196547407819702613e+01 1.270703285259480026e+03
-5.054472293044057807e+01 -6.139470569597899186e+01 1.258998747059845755e+03
-4.251550713435616302e+01 -6.082755997420407112e+01 1.247368497431305968e+03
-3.367147255508240988e+01 -6.061459003264791789e+01 1.243001200829081654e+03
-2.638967863072001308e+01 -5.987571881899722825e+01 1.227849439424258662e+03
-1.825329498233222125e+01 -5.948527747314805225e+01 1.219842801723955063e+03
-1.075591433843055000e+01 -5.892669087821951024e+01 1.208388070975314577e+03
-6.150537850327365552e-01 -5.919605116853867344e+01 1.213911743809562040e+03
6.679803463767246541e+00 -5.862899469947586084e+01 1.202283324453705063e+03
1.442989520079264132e+01 -5.822723843931424170e+01 1.194044655949100616e+03
2.330589149643033409e+01 -5.814350315377443223e+01 1.192327527112269536e+03
3.279802165511438972e+01 -5.765650345603922489e+01 1.193759244860614899e+03
3.964001278797643835e+01 -5.708722101386725001e+01 1.181972436130567985e+03
5.043395806067576359e+01 -5.745267831120354884e+01 1.189539111200096158e+03
7.734112897403142028e+01 -5.724882427407955987e+01 1.185318379334098381e+03
8.677079667253005368e+01 -5.671714994500115381e+01 1.185761714036867261e+03
1.089973076708509723e+02 -5.735549085173746420e+01 1.199107240186285708e+03
-3.098470173738977351e+01 -5.589216864276520624e+01 1.228409355825241391e+03
-2.281612640666497072e+01 -5.553111979488041783e+01 1.220474151423237799e+03
-1.475068008589984636e+01 -5.516824508055685072e+01 1.212498817760367274e+03
1.630191467705005115e+00 -5.458941787862992356e+01 1.199777236767549311e+03
1.056930429986604025e+01 -5.452121285173192433e+01 1.198278212929499205e+03
5.342270429755986783e+01 -5.378157303433601300e+01 1.182022259838159925e+03
-4.288163751893499409e+01 -3.866818701198064900e+01 8.586597737406109445e+02
-5.525756083137910224e+01 -5.671286637472497461e+01 1.259357129787722897e+03
-6.245036160185923890e+00 -5.439504989285060788e+01 1.207888055861865723e+03
1.826640699322736339e+01 -5.359143619817451309e+01 1.190043134582478160e+03
-3.925649021619486945e+01 -5.509928939598722053e+01 1.236331835035297672e+03
2.710593772245166733e+01 -5.295786799762152697e+01 1.188282078386020203e+03
3.591415543614689909e+01 -5.287197516972391753e+01 1.186354793321273746e+03
4.468799419360043856e+01 -5.277944776742187827e+01 1.184278639992743592e+03
6.211954885162484885e+01 -5.257478010563311699e+01 1.179686255070078687e+03
7.151311773943497485e+01 -5.260493581027780863e+01 1.180362896421879213e+03
8.090623394659635892e+01 -5.262781816245445299e+01 1.180876336445636298e+03
1.124599978316793454e+02 -5.322649123893923928e+01 1.194309514828705687e+03
9.109341375352279613e+01 -5.223439241064899363e+01 1.184445067524821297e+03
1.013258822473439835e+02 -5.238421318120627035e+01 1.187842340174309584e+03
1.237021456468063434e+02 -5.239174682960360485e+01 1.200712864526073417e+03
-6.783702900264628965e+01 -5.325517769668894630e+01 1.275020099183374214e+03
-5.997016327292539728e+01 -5.261338140225456783e+01 1.259654397473658264e+03
-5.185631431166149241e+01 -5.213376343382932987e+01 1.248171522453419584e+03
-3.605258607584666919e+01 -5.118343330090233678e+01 1.225418992600968068e+03
-2.738307070027125434e+01 -5.100215302702189035e+01 1.221078832586866838e+03
-1.928503634741906581e+01 -5.067196689904451290e+01 1.213173611576424719e+03
-1.075799646830226131e+01 -5.048185430641667892e+01 1.208621990735181726e+03
-4.298026709155774228e+01 -5.137859173922328893e+01 1.243983443704643832e+03
-2.294445146295934990e+00 -4.972596620383755095e+01 1.203969914040421600e+03
5.528726361215666962e+00 -4.939100127611595781e+01 1.195859710739748380e+03
1.383768585672844864e+01 -4.919033193303008744e+01 1.191001085152559654e+03
2.207668990850311630e+01 -4.898526865867960822e+01 1.186036073275655554e+03
3.151713063448553243e+01 -4.904366138205494252e+01 1.187449883554466396e+03
3.899044619686763014e+01 -4.869460700915256268e+01 1.178998545241279771e+03
4.838268455365644627e+01 -4.818961139303274166e+01 1.180098977408516021e+03
5.707779726909527085e+01 -4.809659165990569107e+01 1.177821048851534442e+03
6.645845382595238959e+01 -4.812763698980248961e+01 1.178581307359653692e+03
7.584071163110297675e+01 -4.815204532456962738e+01 1.179179034754963368e+03
8.062441045687356223e+01 -4.036152136681143077e+01 9.998199800400359436e+02
1.056293550310640796e+02 -4.789364353433323629e+01 1.186402794071005019e+03
-3.972456751763401428e+01 -4.747286798033277222e+01 1.232964509159914087e+03
-6.428634165822022339e+01 -4.806553086754386328e+01 1.263665652959701220e+03
-5.611077495443317531e+01 -4.762883489384557834e+01 1.252184708241353064e+03
-4.807708436211647296e+01 -4.719475727996121606e+01 1.240772601447069064e+03
-3.195341624130594482e+01 -4.646705833470829816e+01 1.221641050287357530e+03
-1.527611009190939662e+01 -4.599880131317090104e+01 1.209330350619758747e+03
-7.331855714073351571e+00 -4.569596587671779275e+01 1.201368663052020793e+03
1.067917061555016645e+00 -4.551807129330183699e+01 1.196691729897369669e+03
3.462451905203990776e+01 -4.488749937791006772e+01 1.180113694519013961e+03
-2.382391040725903153e+01 -4.560347513862137703e+01 1.213822049778190831e+03
9.401505763959908890e+00 -4.478059686978539133e+01 1.191919600809986605e+03
1.766649270226465518e+01 -4.459667072383353315e+01 1.187024061362423254e+03
2.586069806946428429e+01 -4.440881222478431312e+01 1.182023854959489199e+03
4.335558696843695969e+01 -4.426094639674186482e+01 1.178088128527653680e+03
7.939345294384939677e+01 -4.358904022446755988e+01 1.174789298967251170e+03
5.205070565440450281e+01 -4.308298509400314202e+01 1.175933312295614996e+03
6.141755108505847005e+01 -4.311388957501733898e+01 1.176776838078345691e+03
7.004960910364103199e+01 -4.302258931710617418e+01 1.174284833068370972e+03
1.099189663250342761e+02 -4.341258499812663985e+01 1.184929613414086134e+03
8.952571552247432862e+01 -4.262195274477279838e+01 1.178351557082196450e+03
9.970204506604780192e+01 -4.274405503564270248e+01 1.181727268782489318e+03
1.332162457142165692e+02 -4.342909323218950135e+01 1.200666237402614115e+03
-7.664262480875589745e+01 -4.401591762462062718e+01 1.283073275784880934e+03
-6.862789176787251222e+01 -4.348722609853812315e+01 1.267661806369758551e+03
-6.039075948994286591e+01 -4.309347197081206815e+01 1.256183790556845224e+03
-5.272214626792074199e+01 -4.257766917273208662e+01 1.241148030279492787e+03
-4.434133238506736774e+01 -4.231294656451836289e+01 1.233431310455728180e+03
-3.605981892088253460e+01 -4.204651709677427363e+01 1.225664835316906647e+03
-2.738862466846760668e+01 -4.189769012636875090e+01 1.221326497762027657e+03
-2.030581542731162514e+01 -4.139223166699631662e+01 1.206592277138227473e+03
-1.182118595556564600e+01 -4.123824132907677864e+01 1.202103426332056415e+03
-3.399031033877331964e+00 -4.108029579664098918e+01 1.197499280772118709e+03
4.958242395456428753e+00 -4.091849926229548373e+01 1.192782877694855415e+03
1.324831277505882454e+01 -4.075295714685492499e+01 1.187957290139233010e+03
2.146894510351135565e+01 -4.058377594582580628e+01 1.183025622471710903e+03
3.025011636730049247e+01 -3.997096063975050839e+01 1.181222804140448488e+03
3.834466194437855791e+01 -3.979610911944823926e+01 1.176055587745997627e+03
4.771250587722006742e+01 -3.983288755753645916e+01 1.177142465045795916e+03
5.568911137421174118e+01 -3.964928957657711805e+01 1.171716773032588662e+03
1.035249700289990074e+02 -2.639358165431769976e+01 8.254993064948508845e+02
-2.432507918913293565e+01 -3.814143342597596842e+01 1.210592056348456936e+03
-5.695502449525834265e+01 -3.806739592963550223e+01 1.245108803474446404e+03
-3.243703915643342839e+01 -3.725103183659754080e+01 1.218407157767951503e+03
-7.871739854692138216e+00 -3.663526044180866137e+01 1.198266500235280546e+03
8.245819481099522008e+00 -3.624791033009107366e+01 1.185597048533938732e+03
1.706938825265093840e+01 -3.619922251458900320e+01 1.184004566930636429e+03
4.203703693930992813e+01 -3.583103846896796085e+01 1.171961999129335709e+03
6.932791180914888685e+01 -3.581214052077596222e+01 1.171343884832656386e+03
-6.509169107674573240e+01 -3.782838590414920787e+01 1.256460223691128704e+03
-4.895984204043386256e+01 -3.714778698506084709e+01 1.233854303568380146e+03
-4.064906450702005714e+01 -3.691620681092999234e+01 1.226162426940914202e+03
-1.631565286235705869e+01 -3.621321371736492978e+01 1.202812690004419892e+03
2.524585508745982310e+01 -3.549789279374368078e+01 1.179053487325737251e+03
3.398937579804104558e+01 -3.544139774446441038e+01 1.177177018622189280e+03
5.137319203263098899e+01 -3.531519829282098044e+01 1.172985335909546393e+03
9.808905602855354289e+01 -3.539408378933223531e+01 1.175605497627354453e+03
5.085405109005635138e-01 -3.538067794831590618e+01 1.193653116790382683e+03
6.000794370903479091e+01 -3.470002697718710039e+01 1.170689702852381288e+03
7.865192312201904201e+01 -3.473601237768875905e+01 1.171903757753491391e+03
8.797023091723190191e+01 -3.474684816817619293e+01 1.172269329467722173e+03
1.082545615434847406e+02 -3.439175122771641924e+01 1.178840070160980758e+03
1.193276179987451684e+02 -3.457361250550078324e+01 1.185073697522477687e+03
1.314094573872841352e+02 -3.484636030043243693e+01 1.194422626211353645e+03
1.127591853985384347e+02 -2.657875649517658090e+01 9.411291060449524366e+02
-7.702213240473327005e+01 -3.493948749807686482e+01 1.279437747048255233e+03
-6.902579334307650072e+01 -3.452124240839842173e+01 1.264122165922984550e+03
-6.161397514759790539e+01 -3.400955590810097107e+01 1.245384884124801147e+03
-4.479545826017702836e+01 -3.359231633773832471e+01 1.230106123784840293e+03
-3.745943698549603340e+01 -3.319177423497867352e+01 1.215438802588987528e+03
-2.885586881749707899e+01 -3.307577837813759203e+01 1.211191187973808837e+03
-1.980261579837884156e+01 -3.304949062698680251e+01 1.210228565350646932e+03
-5.230596963966497981e+01 -3.341884388344368517e+01 1.245019234831532458e+03
-1.287296858274828359e+01 -3.209380220657295268e+01 1.195654798993738950e+03
-3.399736286934045282e+00 -3.214998114545699792e+01 1.197747745708084040e+03
3.263039804682522416e+00 -3.175951325571533701e+01 1.183200862069380719e+03
1.207633497575630699e+01 -3.171918949359850615e+01 1.181698600063210733e+03
2.086455528374522217e+01 -3.167483344019236924e+01 1.180046115020207253e+03
2.899593219566276758e+01 -3.154059125295056987e+01 1.175044921507205572e+03
3.770158176647908732e+01 -3.148869051821613141e+01 1.173111359314819765e+03
4.704632435504947807e+01 -3.097066358099081285e+01 1.174216891321888170e+03
5.500663895658641422e+01 -3.082847919165537576e+01 1.168826134640057262e+03
4.211963168355753595e+01 -2.055118331994495762e+01 7.791743476153180836e+02
7.362739077351677963e+01 -3.031944852584620520e+01 1.170221646660385659e+03
-6.549451619516435130e+01 -3.012532997234195520e+01 1.252956813345529781e+03
-4.110954029339215055e+01 -2.940146478282033726e+01 1.222850194696457493e+03
-1.683219701703512428e+01 -2.884362454450677049e+01 1.199648798131009698e+03
-6.015465956416050641e-01 -2.854558852432725047e+01 1.187253041389119744e+03
-5.737849691204418434e+01 -2.927566768931098551e+01 1.241707132153547946e+03
-4.940088481266224107e+01 -2.901161051865827645e+01 1.230507330476079460e+03
-3.338955487505755571e+01 -2.856897364594694722e+01 1.211733194643116803e+03
-2.531658914932488003e+01 -2.838775550564121275e+01 1.204046952960048657e+03
5.069906686765530424e+01 -2.758626061458572210e+01 1.170052103272244494e+03
-8.941352852666108575e+00 -2.754462155383836119e+01 1.191865553629076885e+03
7.673414223077775986e+00 -2.733030982876645254e+01 1.182592209199465742e+03
1.588131310696157428e+01 -2.721941799341425039e+01 1.177793880114542162e+03
3.335648502317867781e+01 -2.713689807491619987e+01 1.174223213944601639e+03
4.138768061070804549e+01 -2.701752860665880362e+01 1.169058054674109371e+03
5.931397224262212831e+01 -2.698788963829685628e+01 1.167775565990550604e+03
2.463409449971310394e+01 -2.663164650314590531e+01 1.176098011045397243e+03
6.788669530409823949e+01 -2.638845152926548110e+01 1.165358114620171818e+03
7.716100870665874822e+01 -2.640054069271747039e+01 1.165891992279196984e+03
9.649835451489838078e+01 -2.593929959758796144e+01 1.169615451340099298e+03
1.074431877552272283e+02 -2.498333085205607773e+01 1.175976645500518771e+03
1.417996977013765729e+02 -2.544048317824571015e+01 1.197495011575033004e+03
1.184875714070584678e+02 -2.456425099832934222e+01 1.182206344688252102e+03
1.296273650503954684e+02 -2.469083852538715718e+01 1.188298636191718742e+03
-6.980228771885170147e+01 -2.552945332058436634e+01 1.256873547189651163e+03
-6.162523678767907143e+01 -2.530072063274458571e+01 1.245612512293474765e+03
-3.746642490090760447e+01 -2.469244155631092852e+01 1.215665538072057416e+03
-7.776159647912319883e+01 -2.524365177934070914e+01 1.272013278090362064e+03
-5.316644960138461329e+01 -2.456895820917902284e+01 1.238015852227032155e+03
-4.612680759499387761e+01 -2.420749904072600955e+01 1.219802129989902369e+03
-2.934360012003012130e+01 -2.397361050903778334e+01 1.208016619696024691e+03
-2.131961966847749324e+01 -2.382065848297732558e+01 1.200309453959451275e+03
-1.287543426827287263e+01 -2.373282975926323601e+01 1.195883814446649922e+03
-5.034376386412020565e+00 -2.357741551534298807e+01 1.188052578950337193e+03
3.263675580840277757e+00 -2.348570620564033717e+01 1.183431398913234034e+03
1.149601995012526423e+01 -2.339185137991498564e+01 1.178702107542117574e+03
2.086899765342982249e+01 -2.287297209851562130e+01 1.180297364137023123e+03
2.775516934499825794e+01 -2.265301220644861502e+01 1.168946933606860512e+03
3.706221532450977207e+01 -2.267725046245392306e+01 1.170197682724689230e+03
4.571320277386899278e+01 -2.263731991483065897e+01 1.168137175681472854e+03
5.432677365048633078e+01 -2.259461656922481154e+01 1.165933585958137883e+03
6.290069507133605242e+01 -2.200673638754474837e+01 1.163604858061730283e+03
7.216395479902385546e+01 -2.201838548921305971e+01 1.164220803609247923e+03
8.218942128197750208e+01 -2.154154241891706789e+01 1.167809419937732628e+03
5.930035440047048922e+01 -1.396885001410532290e+01 7.572788575178362862e+02
-5.682139201653705385e+01 -1.393158793858801481e+01 8.172557309097919642e+02
-7.413470666931644359e+01 -2.090408517331802329e+01 1.260774554124279575e+03
-6.589749909961217611e+01 -2.071745343161253317e+01 1.249518354726732468e+03
-5.820790928818690446e+01 -2.047232014231860475e+01 1.234733789367945292e+03
-4.984015331163629980e+01 -2.034730008692552516e+01 1.227193535714750624e+03
-4.156907954277645700e+01 -2.022141523269230134e+01 1.219601124009048817e+03
-3.386507306903320114e+01 -2.003795864804154547e+01 1.208536425803099519e+03
2.402443358937110318e+01 -1.945058364373450388e+01 1.173110457480687955e+03
-2.532168874613009990e+01 -1.940581420196122409e+01 1.204289487764339810e+03
-1.734691115150840446e+01 -1.928129783470612679e+01 1.196562228780031774e+03
-1.152301689133758078e+00 -1.908284848364155906e+01 1.184246823466269689e+03
7.103810496801648000e+00 -1.900776350140163373e+01 1.179587186212225788e+03
-9.472854085576779326e+00 -1.860190524931529765e+01 1.188812212016400963e+03
1.529354702460733328e+01 -1.838322165031462063e+01 1.174836561158311042e+03
3.209414816769549361e+01 -1.827843981659572137e+01 1.168140154427227117e+03
4.074153434146689534e+01 -1.824758787363710866e+01 1.166168465717814797e+03
4.935342485102753329e+01 -1.821449516582840644e+01 1.164053574009443992e+03
5.862589448536779457e+01 -1.768475611111038148e+01 1.164924531215260004e+03
6.717962452405393492e+01 -1.710611057327334450e+01 1.162527033148426653e+03
7.643161154056028295e+01 -1.711404864312957130e+01 1.163066502407634289e+03
8.645321304013410213e+01 -1.716535185391122198e+01 1.166553055891870599e+03
9.571957141301314209e+01 -1.716856326493795848e+01 1.166771302588987282e+03
1.167790395588210117e+02 -1.730589634112630648e+01 1.176104424395403839e+03
1.349806334781573014e+02 -1.828559965452689795e+01 1.242684818659471375e+03
-7.019440853851074280e+01 -1.610484085293573386e+01 1.253408948867440813e+03
-6.243371706898717122e+01 -1.591460497576901467e+01 1.238603254541504612e+03
-5.359799831724638608e+01 -1.586390228559826099e+01 1.234657161179141895e+03
-4.657116845795825810e+01 -1.563124546245241930e+01 1.216549925795135778e+03
-3.793303001568764188e+01 -1.557867957729722441e+01 1.212458823532138240e+03
-2.982840836661293693e+01 -1.548083261741800953e+01 1.204843581863374766e+03
-2.182243531760481758e+01 -1.538242840071138851e+01 1.197184969961979505e+03
-1.287806537415327668e+01 -1.481092810043398522e+01 1.196128194315391283e+03
2.704907828492181920e+00 -1.461658901613919603e+01 1.180433400821955729e+03
1.091878336824052198e+01 -1.455842584214672009e+01 1.175736152154518550e+03
1.906523534925689489e+01 -1.449896516484854203e+01 1.170934117326778278e+03
2.776110069328745666e+01 -1.393209222165865313e+01 1.169196740455762665e+03
3.642601702433609745e+01 -1.390947220951389340e+01 1.167298443771535403e+03
3.430690008103098876e+01 -1.057228841038626754e+01 8.872382519378872985e+02
5.365100576550793932e+01 -1.385910268090216668e+01 1.163071376671048483e+03
6.362765697965981104e+01 -1.336141181161430325e+01 1.166985262088167929e+03
8.864727033058235861e+01 -1.461512100072734555e+01 1.276484180860185234e+03
-5.027644651733138659e+01 -1.230025489969758112e+01 1.223882552812522590e+03
-1.000125651631134893e+01 -1.136373415312391089e+01 1.185729121120310083e+03
-8.252807351888422716e+01 -1.160026729120954947e+01 1.272334091379168513e+03
-6.668399422855956971e+01 -1.132787692714934558e+01 1.242457922351614798e+03
-5.821924654765655305e+01 -1.125964622884665722e+01 1.234974280694934805e+03
-4.202618330337605812e+01 -1.109001856205676617e+01 1.216369272906758169e+03
-3.433851537514296837e+01 -1.098974799072992958e+01 1.205371451644667331e+03
-1.785853148279538516e+01 -1.088115937827921975e+01 1.193461295603582357e+03
-1.700230927445187001e+00 -1.076960061104249178e+01 1.181225368690494861e+03
-7.451668070339518124e+01 -1.087673222764379055e+01 1.257298888471610553e+03
-2.581595014239816521e+01 -1.039104040829134412e+01 1.201155207462386215e+03
6.537179211314885663e+00 -1.017872626400215097e+01 1.176612694873618238e+03
2.341910619563420681e+01 -1.012325262474326593e+01 1.170200204107098898e+03
5.922604418065059662e+01 -8.866212173069836666e+00 1.024892263305173628e+03
1.529676741739470813e+01 -9.617395186197294166e+00 1.175083948842921473e+03
3.147124461594646760e+01 -9.536886020059277769e+00 1.165247082723570657e+03
4.009857438713307687e+01 -9.520893993880966022e+00 1.163293126074416932e+03
4.869076638257539003e+01 -9.503735101691715315e+00 1.161196598022782837e+03
5.793955971541505079e+01 -9.510761624285748894e+00 1.162055120913500787e+03
7.644794121598420134e+01 -8.978456378533564930e+00 1.163314992503524309e+03
8.570023862195893116e+01 -8.438746084960714100e+00 1.163715773724740757e+03
1.049998751543444229e+02 -8.463331152724006046e+00 1.167106091535727273e+03
1.159497086971724258e+02 -7.960718744787580015e+00 1.173262583575546387e+03
9.611525438809302102e+01 -6.055977415206539760e+00 8.925389699130713552e+02
-8.694465751678687582e+01 -7.468593676592589325e+00 1.276195605524747407e+03
-7.095771517045133692e+01 -7.293534196330710095e+00 1.246282324780094086e+03
-6.244506638792248765e+01 -7.249912153428883066e+00 1.238828410179035927e+03
-5.444414894379786318e+01 -7.185193111424241330e+00 1.227769546813774241e+03
-7.814974072679856931e+01 -6.832870527801985006e+00 1.268684261504738515e+03
-4.614439776065430721e+01 -6.572106773006782809e+00 1.220267293799370009e+03
-3.839717996028432623e+01 -6.512872144773258043e+00 1.209268981996126740e+03
-2.935501013768349665e+01 -6.508657035010334546e+00 1.208486347026683461e+03
-2.281624871318898329e+01 -6.413270123084135577e+00 1.190775507428317042e+03
-1.391882949761001598e+01 -6.407629709738441370e+00 1.189728231088022312e+03
-6.111155490131080725e+00 -6.365971684791383645e+00 1.181993432016290853e+03
2.148936213278815455e+00 -6.341422730260911855e+00 1.177435337124476291e+03
1.150084602264882783e+01 -5.800885760314749895e+00 1.179196931131442852e+03
1.847299963487207464e+01 -5.745878533136494326e+00 1.168015129565481629e+03
2.714792110530392932e+01 -5.737337342617437663e+00 1.166278886849380569e+03
3.579248105717789485e+01 -5.728083832328814573e+00 1.164397844645587156e+03
4.440409802175541643e+01 -5.176018188777513629e+00 1.162389276629899086e+03
7.146259255015381484e+01 -4.630868703403308473e+00 1.161645587504723380e+03
8.070452012515274021e+01 -4.632727443632176367e+00 1.162111849349632848e+03
-7.489296413425162768e+01 -3.243726589790857151e+00 1.253782227119077561e+03
-2.630665708084393017e+01 -3.099389215621052518e+00 1.197992187658690682e+03
1.451712804492520661e+02 -3.086672058178622446e+00 1.193076685214379722e+03
-6.669606113599928676e+01 -2.635373677996800446e+00 1.242682753286237357e+03
-5.071224994460248325e+01 -2.588614836097504757e+00 1.220634112944629351e+03
-3.434491436280511323e+01 -2.556723466351631835e+00 1.205596072801496575e+03
1.471123529863507073e+01 -2.485675274767721543e+00 1.172094044959808116e+03
-5.863656747483230447e+01 -2.037473436741550348e+00 1.231642637627762269e+03
-4.248087088560522773e+01 -2.006889013744716177e+00 1.213154504859569670e+03
-1.836773873660263945e+01 -1.969232648694190013e+00 1.190391418019784169e+03
-1.000342464580120705e+01 -1.961945165262885427e+00 1.185986170249116185e+03
-1.700581305068157079e+00 -1.954472186505494147e+00 1.181468791469244024e+03
2.281647249635222607e+01 -1.386544591701612372e+00 1.167288890586639582e+03
3.147757074981432623e+01 -1.384397490537188080e+00 1.165481312704761194e+03
6.538624509793418582e+00 -8.489882180008849755e-01 1.176872831009213314e+03
4.010726913876593613e+01 -8.393738750532253601e-01 1.163545368079576065e+03
5.725739061929701279e+01 -8.362505993573596808e-01 1.159215863579653842e+03
9.496397482090947051e+01 -8.398308866387064198e-01 1.164178880426396972e+03
6.648903723253134501e+01 -2.957299877843399538e-01 1.159937448883994875e+03
7.572080072168380127e+01 -2.958697088980235534e-01 1.160485474985018982e+03
8.494969591904877859e+01 -2.959691619876125279e-01 1.160875558398222438e+03
4.870277470880152038e+01 2.456380290979202075e-01 1.161482977322138595e+03
1.050247649288760101e+02 2.468857514793113272e-01 1.167382749078701181e+03
1.151226458965480646e+02 7.934565950754213226e-01 1.170416853519897813e+03
1.544227306353704421e+02 1.648147434249221055e+00 1.440226992507019759e+03
-6.858599711265566157e+01 1.498540314790734129e+00 9.303044308609394193e+02
-8.696123294414492477e+01 2.056095933007339394e+00 1.276438903826888236e+03
-7.887559315920510983e+01 2.031820632427107753e+00 1.261368625458418592e+03
-7.097134816405103663e+01 2.007905224559066948e+00 1.246521771032222205e+03
-6.206002652328338343e+01 2.001727957425400994e+00 1.242686879886258112e+03
-5.528158168638250913e+01 1.966751355428902004e+00 1.220973157877820540e+03
-4.615291394830886418e+01 1.965977109376348730e+00 1.220492500449950285e+03
-3.930996757176232848e+01 1.937297150086848774e+00 1.202687778788084870e+03
-3.031672655029246854e+01 1.936071730964977977e+00 1.201927029926351906e+03
-2.232713114195220783e+01 1.923813360944897521e+00 1.194316947079561032e+03
1.513272643103820485e+02 1.929363600033746184e+00 1.197762574778549151e+03
-1.443660090717441591e+01 2.465030118793770875e+00 1.186681660133055175e+03
-6.112407050540081599e+00 2.455794356162620318e+00 1.182235503451979184e+03
3.265669284775843728e+00 2.459780231116334370e+00 1.184154329786430026e+03
9.772854338013470255e+00 2.430032487816438547e+00 1.169833571133141731e+03
1.847664933420630362e+01 2.426734490506615938e+00 1.168245893606243953e+03
2.715370943858901498e+01 2.967280123913901946e+00 1.166527554541991549e+03
3.516255846001390495e+01 2.954560887779547507e+00 1.161527238156668318e+03
4.507673849926124632e+01 3.509101829446708010e+00 1.165765679052396763e+03
3.575980078104593929e+01 2.406490324696290539e+00 7.994649240329772510e+02
6.152692560229922947e+01 3.486252367439218069e+00 1.158174813957056131e+03
7.074835958365815713e+01 4.028715137423174220e+00 1.158820213703642821e+03
7.996806077576452765e+01 4.030355817430025134e+00 1.159292139141730331e+03
8.996374120689269205e+01 4.584557112502819720e+00 1.162706066121389767e+03
1.201190313357263904e+02 5.054920491178306108e+00 1.281996619221027686e+03
-5.904949794409508712e+01 5.416053378610870439e+00 1.228284306810962107e+03
-4.293157879997684745e+01 5.335042051285391551e+00 1.209912083519962380e+03
-6.569462947906673378e+01 4.516241595275128695e+00 9.262401963143863668e+02
-6.709167105287367860e+01 6.042614645859384126e+00 1.239285467298393996e+03
-5.072154266504054476e+01 5.952763377398641254e+00 1.220857786940185633e+03
5.974405733241666461e+00 5.723564056912565867e+00 1.173851084769015870e+03
-7.527074674633193752e+01 6.679750274691586220e+00 1.250344954482829735e+03
-3.481595421696494697e+01 6.423860908273902659e+00 1.202446460519905258e+03
-2.679612525956368785e+01 6.383574554107344312e+00 1.194905484046950050e+03
-1.837121692462203271e+01 6.360663194534454057e+00 1.190616835270536512e+03
-1.052946932982249173e+01 6.319692672882023743e+00 1.182947793326747387e+03
-2.245861730935869272e+00 6.845494761725779753e+00 1.178476617541580708e+03
1.412941533290630858e+01 6.791496107023132112e+00 1.169180554340777235e+03
2.282100733552809402e+01 6.781855520495130740e+00 1.167520892592709288e+03
4.804054297647719807e+01 6.729892374207023131e+00 1.158575249508324077e+03
3.085760508352895570e+01 7.295562944690793472e+00 1.162601379806867271e+03
3.946677866581363503e+01 7.283425834037812407e+00 1.160667242345645946e+03
5.727007935864787669e+01 7.816754593248546712e+00 1.159472755970055459e+03
6.578678571681858500e+01 7.800759826183814027e+00 1.157100224450943642e+03
7.499612586029549277e+01 7.804488327998539532e+00 1.157653279586957979e+03
8.496925463619541574e+01 8.369617087580058623e+00 1.161142837008740116e+03
9.419388872480669761e+01 8.371312126061040360e+00 1.161377994934133085e+03
1.042274867511026031e+02 8.937425913942018241e+00 1.164557435901393092e+03
1.151486033107401994e+02 8.984419480660527313e+00 1.170680754638636699e+03
1.544640851215379485e+02 1.172797831239998168e+01 1.440612686031507337e+03
-6.599727414635607659e+01 7.754321765831740265e+00 9.008895573837953634e+02
-6.282789023045739185e+01 7.937780498414867658e+00 9.222036144201271100e+02
-7.924247855202702340e+01 1.082686711432555171e+01 1.257854886220562776e+03
-7.098413385409443777e+01 1.073125131308196600e+01 1.246746335471380462e+03
-6.286341771974907999e+01 1.063613211679255954e+01 1.235695479802551290e+03
-5.487937609065463107e+01 1.054152782901125818e+01 1.224704445703160445e+03
-4.703099892688288719e+01 1.044745577290856886e+01 1.213775245762300756e+03
-3.886608730819230573e+01 1.094595350977552961e+01 1.206319143427790550e+03
-3.079693725635528523e+01 1.087773301016424909e+01 1.198800776518795374e+03
-2.282511971190896460e+01 1.080911392816219241e+01 1.191238483096884011e+03
-1.443934533441822587e+01 1.076981299495577815e+01 1.186907250734245736e+03
-6.113659123691502550e+00 1.128117452042898172e+01 1.182477674060102800e+03
1.596131340440276380e+00 1.120706769864143126e+01 1.174709895793696205e+03
1.034863023065128296e+01 1.119323182740658496e+01 1.173259638215750783e+03
1.848054393672082796e+01 1.114774855696158617e+01 1.168492142442411478e+03
3.517012258557770110e+01 1.162558442503209655e+01 1.161777104442285008e+03
6.154063330900975615e+01 1.213245870115496849e+01 1.158432846038357866e+03
7.076332810460620237e+01 1.213908343920586930e+01 1.159065390054669479e+03
6.089316347858024159e+01 9.657095241926457518e+00 8.827645070215905889e+02
8.920374893959660767e+01 1.268857070378846075e+01 1.159874639478440940e+03
-6.570480884042331127e+01 1.143057928638532772e+01 9.263837169299379184e+02
-8.326091631139134108e+01 1.561411907097758167e+01 1.265435924038192752e+03
-7.528424320159346905e+01 1.543067903698530863e+01 1.250569148149946614e+03
-6.710458819390404983e+01 1.529439460301585640e+01 1.239524066589584436e+03
-5.115447014862821362e+01 1.502400508536643109e+01 1.217610527467615839e+03
-3.482242642862463100e+01 1.483965494674396979e+01 1.202669992753243605e+03
-5.906236948271736509e+01 1.573205741969912808e+01 1.228552046748551902e+03
-2.680148189528462410e+01 1.530425966383874581e+01 1.195144349679088691e+03
-1.887789804453837661e+01 1.520715920781185559e+01 1.187561554828449516e+03
-1.053161262773864415e+01 1.515116173410219780e+01 1.183188585095158032e+03
1.575634595949210279e+02 1.540135984743702480e+01 1.202727123255159768e+03
-4.294160388082045188e+01 1.606146689591729881e+01 1.210194613694486179e+03
-2.246323473022551642e+00 1.564372747663878194e+01 1.178718908616313684e+03
1.413237626538496983e+01 1.552038803945626100e+01 1.169425565517474979e+03
2.222123460988812482e+01 1.545664771923150127e+01 1.164622878894201904e+03
5.975878578318579493e+00 1.613062933782275010e+01 1.174140469331837039e+03
3.086420644961511783e+01 1.597551941095726136e+01 1.162850095068456994e+03
3.947531710090780166e+01 1.594898057942324421e+01 1.160918346749139801e+03
5.659105462986646273e+01 1.642979318266995747e+01 1.156646088287593102e+03
6.580151973497892470e+01 1.643992520731420370e+01 1.157359375822068159e+03
4.805302109359521978e+01 1.700201706475325381e+01 1.158876179447032200e+03
7.501420121666751584e+01 1.698816920268492225e+01 1.157932293940616091e+03
8.422335646978997659e+01 1.699403010516582313e+01 1.158331779498671267e+03
9.421721898214128998e+01 1.758478897945949626e+01 1.161665648919453815e+03
1.042521394685226142e+02 1.763273324076893900e+01 1.164832886325091749e+03
1.143270092811326464e+02 1.822337145168853212e+01 1.167865032615583914e+03
-8.699336582611914537e+01 2.052052043651527669e+01 1.276910558370589570e+03
-7.925760657646125651e+01 2.021814638168400435e+01 1.258095020802433055e+03
-7.099777700211969034e+01 2.003961883624871732e+01 1.246985960073122442e+03
-6.248065432192617408e+01 1.991986940619965551e+01 1.239534428224231760e+03
-5.530237074285613375e+01 1.962896038266745435e+01 1.221432314058913562e+03
-4.617052403438923847e+01 1.962134101503222183e+01 1.220958191045725926e+03
-3.932496662973044721e+01 1.933510202779258691e+01 1.203146674707514649e+03
-3.080268630980375022e+01 1.926885787625016988e+01 1.199024564023406583e+03
-2.282941460754291541e+01 1.914733427997664705e+01 1.191462632850516002e+03
-1.444227387381696737e+01 1.963172904893118442e+01 1.187147975266135973e+03
-6.648109927953187004e+00 1.950461417286646792e+01 1.179461226566094638e+03
2.707117545566849692e+00 2.008768901181334243e+01 1.181397730849703294e+03
1.848444018142993173e+01 1.987243991830904122e+01 1.168738495111640532e+03
1.382406011197187183e+02 2.016805138742098791e+01 1.186124005143014529e+03
3.517768996621217781e+01 2.030033936443925668e+01 1.162027078252877800e+03
4.443255227968256804e+01 2.031967944809721160e+01 1.163134138608015974e+03
5.165408306594051169e+01 2.017418643119189881e+01 1.154805862794221412e+03
8.703175695266389766e+01 2.337655007071647972e+01 1.270282119082770123e+03
7.863579858275008405e+01 1.881605096845774838e+01 1.022464522124814380e+03
-5.907166908432793662e+01 2.318530218012869426e+01 1.228745487084465822e+03
-4.294793792350125017e+01 2.283863247076011049e+01 1.210373121799504588e+03
-6.711670253171730849e+01 2.397117435724221934e+01 1.239747836881221247e+03
-8.327678145673401389e+01 2.506289160775764202e+01 1.265677049475506237e+03
-5.116444416998085387e+01 2.411578120228322675e+01 1.217847935329819620e+03
-3.482933277390984017e+01 2.381995141032275498e+01 1.202908518757488082e+03
-1.888146433855260398e+01 2.352049388503141714e+01 1.187785901503832520e+03
5.414478037631758056e+00 2.319102831762613803e+01 1.171147876898235381e+03
1.385929727417388051e+02 2.452895178179519675e+01 1.238713066464366420e+03
-7.529954503640570351e+01 2.535219278109248009e+01 1.250823331518370878e+03
-1.053375679837897039e+01 2.398622685935194809e+01 1.183429474910972885e+03
-2.788923280967366747e+00 2.383008079643937904e+01 1.175725559896511641e+03
-2.680717566781531858e+01 2.478639630312820330e+01 1.195398249075211652e+03
2.222593487988401506e+01 2.415338168136138819e+01 1.164869221731145672e+03
3.087039779601878564e+01 2.411635216435518103e+01 1.163083362292283482e+03
4.806156248821712040e+01 2.403338804464604905e+01 1.159082168967385087e+03
1.413552361618586772e+01 2.479884515134401823e+01 1.169686002433468730e+03
3.948385923129470143e+01 2.461828563279584614e+01 1.161169559826443674e+03
5.660278565460443900e+01 2.452746558739983840e+01 1.156885854871968149e+03
6.581626035446261369e+01 2.508296121787847355e+01 1.157618643301506381e+03
7.503015729772675968e+01 2.509509409218357945e+01 1.158178594790902707e+03
8.424270545387676634e+01 2.564459555329582230e+01 1.158597887905034668e+03
1.042768038508168758e+02 2.633215490779392809e+01 1.165108467083085998e+03
1.143527310826243877e+02 2.640039329581875904e+01 1.168127784109976801e+03
-8.734122769498225125e+01 2.937127810757637292e+01 1.273300487446285160e+03
-7.856414354490149776e+01 2.919891802845964079e+01 1.265828351846608712e+03
-6.327965841326071228e+01 2.843193890605623864e+01 1.232578355478031881e+03
-7.175350681093637206e+01 2.918026770094311573e+01 1.239946793488600861e+03
-5.490074501837268173e+01 2.883278469510709741e+01 1.225181321036673125e+03
-4.704942116558358833e+01 2.857554878723147240e+01 1.214250686595296884e+03
-3.888096179333546587e+01 2.839975669068940789e+01 1.206780815219821989e+03
-2.985753220813931108e+01 2.838185126356403387e+01 1.206019966238664892e+03
-2.332492449175509108e+01 2.796716493901417522e+01 1.188398846936440123e+03
-6.649383609388294758e+00 2.776214940170586232e+01 1.179687194229684337e+03
1.596769577604943091e+00 2.820422122257777175e+01 1.175179621244353939e+03
1.035281936682198101e+01 2.816954022119875134e+01 1.173734574925105107e+03
2.655473408289662984e+01 2.848173844107431307e+01 1.164118169609609140e+03
4.378233399503295686e+01 2.892897589027765903e+01 1.160277696392355892e+03
7.006814924390586441e+01 2.937455291670185176e+01 1.156512905643466183e+03
8.002291384156472986e+01 3.000645193752736262e+01 1.160087340718123414e+03
-7.531125063725349378e+01 3.294195447435750168e+01 1.251017776765586859e+03
-2.681119625812620200e+01 3.148209524313837804e+01 1.195577537138879279e+03
7.628965469792028387e+01 2.596294549240145955e+01 9.859799415809761740e+02
1.093232588179826053e+02 3.072369954383392354e+01 1.166776377135122630e+03
-6.712962931408182499e+01 3.322985982867266586e+01 1.239986614262554440e+03
-5.908383452149765702e+01 3.293539520996592529e+01 1.228998539457158358e+03
-5.117442208153122607e+01 3.321110341217148942e+01 1.218085435788930454e+03
-4.295744249190151720e+01 3.300813037472995859e+01 1.210640982718612804e+03
-3.529806258157642418e+01 3.271181247262550329e+01 1.199772914999288332e+03
-1.888526987098290277e+01 3.239151365847920516e+01 1.188025298072201167e+03
1.413793135991095973e+01 3.189692487075361882e+01 1.169885238359152027e+03
-4.782656176479473942e+01 2.990937077743678429e+01 1.078536393768209564e+03
-2.789495335979765844e+00 3.261125436498525687e+01 1.175966720958321503e+03
5.978205602280610265e+00 3.257328896489858749e+01 1.174597682940031518e+03
2.223034318924967678e+01 3.230991179762068555e+01 1.165100262806703768e+03
-1.053603593652727355e+01 3.337742623080578852e+01 1.183685527838121516e+03
3.087700463731431810e+01 3.280350783429020112e+01 1.163332283839680258e+03
3.949187083674252818e+01 3.274916732725783675e+01 1.161405170847060162e+03
1.381549994401570416e+02 2.973683269460277145e+01 1.054576774762150990e+03
4.807273658695989837e+01 3.323203031612063540e+01 1.159351650397794401e+03
5.661530410956570591e+01 3.316868402772377777e+01 1.157141715485576697e+03
7.504718460105640077e+01 3.374628285536118710e+01 1.158441431214997465e+03
9.425841822958500416e+01 3.385500440213547080e+01 1.162173621358395849e+03
8.426206333025258743e+01 3.429913657594289589e+01 1.158864118607889168e+03
5.806014788780336033e+01 3.070096685448030982e+01 1.021199157560560479e+03
1.043014799062664366e+02 3.503569383586849284e+01 1.165384178267901689e+03
-7.893413809380209045e+01 3.853827228052923459e+01 1.262304868733712510e+03
-7.102422553105525083e+01 3.808476701784615415e+01 1.247450494959140542e+03
-6.289915342103387985e+01 3.774733130527562253e+01 1.236397930387437782e+03
-5.407879576593838777e+01 3.762809140991932821e+01 1.232492277862075525e+03
-4.748931638192924254e+01 3.697278456068227115e+01 1.211027978158001360e+03
-3.888816321293457179e+01 3.684994230022282835e+01 1.207004331681702297e+03
1.152334791652899071e+02 3.576732510262254294e+01 1.171543661583210678e+03
-3.081495813383864757e+01 3.718039909508463836e+01 1.199502256725764482e+03
-2.283858245576747947e+01 3.694602956006396965e+01 1.191941101036012242e+03
-1.393263506819886999e+01 3.691401564906289678e+01 1.190908278381414220e+03
-6.805612035118095093e+01 2.941615333552553579e+01 9.349454321701135768e+02
1.597099190081809006e+00 3.698226515805326642e+01 1.175422207194859084e+03
9.780873930633232405e+00 3.683663342231338333e+01 1.170793535167080108e+03
1.849223760158826124e+01 3.733286383299490296e+01 1.169231512212085590e+03
2.656038544832104620e+01 3.717750827326917573e+01 1.164365916664922452e+03
3.338026057765143406e+01 2.865774659385467160e+01 8.846118585730920358e+02
5.235469202170583003e+01 3.752707170122971547e+01 1.158391590061348552e+03
6.228825605896033579e+01 3.819591732293168462e+01 1.162302624334710572e+03
8.920826746950673680e+01 4.876279050435785933e+01 1.483852813218642041e+03
-6.714175269570567650e+01 4.191311712660926503e+01 1.240210551607163325e+03
-7.496393761691570035e+01 4.299729669657738640e+01 1.254970393353243935e+03
-5.909528892293416646e+01 4.211562260739768249e+01 1.229236801627341492e+03
-5.118377990872379257e+01 4.174119040193789942e+01 1.218308176614332297e+03
-4.296536617969348981e+01 4.148615094322150298e+01 1.210864290732748714e+03
-3.484272161663287193e+01 4.122941647347729344e+01 1.203370932237309489e+03
-2.681689415932978449e+01 4.097110757691944372e+01 1.195831620642735516e+03
-1.053777947245042235e+01 4.056167413512155662e+01 1.183881407792587424e+03
-6.515279457742752811e+01 3.232631090082199421e+01 9.308417255286085492e+02
-1.888907693772180352e+01 4.126611003576166326e+01 1.188264791160102959e+03
-2.247652039757070064e+00 4.095881060360036230e+01 1.179416050746617884e+03
5.979447422910035392e+00 4.134794460261461069e+01 1.174841675825353832e+03
1.414108118576848838e+01 4.118267850225850424e+01 1.170145880081078531e+03
3.088361430718990874e+01 4.149438272711038422e+01 1.163581311957598928e+03
3.950042013358891779e+01 4.142574553389731307e+01 1.161656594680728404e+03
2.284067915357378453e+01 4.221580907425459372e+01 1.168527301215516673e+03
4.808325813320308839e+01 4.189348411761541513e+01 1.159605394471209365e+03
6.584483910669599993e+01 4.183986787048453238e+01 1.158121304744278859e+03
5.732089060466343966e+01 4.246716102513267543e+01 1.160501465133927923e+03
7.506421963447434109e+01 4.240139910204052143e+01 1.158704386962083390e+03
8.428143010504882682e+01 4.295765591434265218e+01 1.159130471691560388e+03
-5.750886064896653238e+01 3.790458482617372482e+01 1.010070242155918436e+03
-6.291056698614949738e+01 4.640633130177906907e+01 1.236622284890157971e+03
-5.408938926632335153e+01 4.683540226441104437e+01 1.232733710890216571e+03
-4.749859439079735779e+01 4.601972285025330223e+01 1.211264577232844204e+03
-3.889584766810032335e+01 4.586692451673231119e+01 1.207242840521034395e+03
-3.082071391802011107e+01 4.558134791246534689e+01 1.199726306230712908e+03
-2.284288241981543521e+01 4.529408986060927589e+01 1.192165515309168768e+03
-1.445088333233832856e+01 4.568440866086111640e+01 1.187855668621148425e+03
-6.652102428247503418e+00 4.538880383187646572e+01 1.180169548080815730e+03
2.151549962242835790e+00 4.533872573107915827e+01 1.178867450545802058e+03
1.035714719530895778e+01 4.570789373290187996e+01 1.174225235657174835e+03
1.909296169222070816e+01 4.564606978693885964e+01 1.172636992761059219e+03
2.293344194961714777e+01 2.984221631642263262e+01 7.575619822845662839e+02
5.304795740484114219e+01 4.630578690148425380e+01 1.161743251340089500e+03
4.130993646723641177e+01 3.099477865900022522e+01 7.776128502141741592e+02
8.626902580137590348e+01 5.698130905970256777e+01 1.413040408335449229e+03
-5.870213285946367421e+01 5.087218022391846972e+01 1.233019817888171019e+03
-5.076991976311823151e+01 5.041843888192949663e+01 1.222022214396340814e+03
-6.677177997117610175e+01 5.190935736296538039e+01 1.244093548601140355e+03
-3.484963601536822608e+01 5.022018480991568623e+01 1.203609736385377118e+03
-2.682225910264594759e+01 4.990562775869479140e+01 1.196070856731087360e+03
-4.297434989365432756e+01 5.109835598474040808e+01 1.211117472758193117e+03
-1.054006035185273937e+01 4.996004835184815107e+01 1.184137656343325943e+03
5.980612098395637233e+00 4.957749569371046761e+01 1.175070511234802098e+03
2.284461758761309014e+01 4.930993166622866397e+01 1.168728791182956684e+03
-1.838978953073093336e+01 5.084010868798848293e+01 1.191820503900591802e+03
1.472979804500264223e+01 5.006171548302351937e+01 1.173573001963340403e+03
-1.702686607153118370e+00 5.101268962608703816e+01 1.182931437625933995e+03
3.151769540002606362e+01 5.032423805771900760e+01 1.166966958797729603e+03
3.950897313278220935e+01 5.010608120773085972e+01 1.161908127395661040e+03
4.876558121290422321e+01 5.123726100859644816e+01 1.162980811599888966e+03
5.733360750705218578e+01 5.113937182252130498e+01 1.160758927704701364e+03
6.657776953132423614e+01 5.117137931307205179e+01 1.161485432139271779e+03
7.582422795102161217e+01 5.173919543677019561e+01 1.162070584970921345e+03
-7.029966274830796635e+01 5.647507482811967350e+01 1.255288394413213155e+03
-6.292274602208097889e+01 5.564606236038265052e+01 1.236861686122142828e+03
-4.664209839405491209e+01 5.481560153681722625e+01 1.218402784792498778e+03
8.506840901183063863e+01 5.230045302366968940e+01 1.162497825863471917e+03
9.510005450477524391e+01 5.245113609061846915e+01 1.165847103500572302e+03
1.161439249741716111e+02 5.287317117289482837e+01 1.175227803613482138e+03
-7.789315218823111309e+01 5.791866076971954413e+01 1.274165247910564631e+03
-5.409998691784505098e+01 5.604632106764137944e+01 1.232975238525567420e+03
-3.890353516082389973e+01 5.488747102040014170e+01 1.207481443639580220e+03
-3.082685579160964906e+01 5.454581983180730731e+01 1.199965384641891660e+03
-2.185687246365932523e+01 5.450531006864981265e+01 1.199074201528704862e+03
-1.496648157715962135e+01 5.440995499874379959e+01 1.184818668126547664e+03
-5.043523695246965310e+00 5.465759566673641245e+01 1.190211234366158578e+03
1.035931246672007866e+01 5.448257035682632221e+01 1.174470719889950487e+03
1.849979762825732266e+01 5.426170282946760892e+01 1.169709519341621444e+03
2.718812856857852367e+01 5.472749249138264105e+01 1.168006205686393514e+03
3.584609796021752004e+01 5.464014915806833272e+01 1.166142105017931272e+03
4.513533181306460307e+01 5.523797947964668253e+01 1.167281007723636321e+03
5.305966537756936674e+01 5.498805569531845805e+01 1.161999654394406662e+03
-6.639626559297722963e+01 5.963702894963433465e+01 1.247940459457048064e+03
-5.077923363282229019e+01 5.897925638458988828e+01 1.222246397450666109e+03
-4.253694577214876915e+01 5.861780260603534032e+01 1.214755872717657439e+03
8.159444550995701206e+01 5.631764950686370952e+01 1.167089048627585271e+03
-5.830726027702375092e+01 6.026044120841299900e+01 1.236841269681601943e+03
-1.839281112674851570e+01 5.807651453104186601e+01 1.192016329963866838e+03
-1.702950136487341615e+00 5.764280745471437228e+01 1.183114523070360292e+03
-3.439191324413596362e+01 5.938162362981485387e+01 1.207245856119049449e+03
-2.634360815222068908e+01 5.956880320473592860e+01 1.199674921223009960e+03
-1.001747647120542872e+01 5.897182191954098585e+01 1.187652126777629519e+03
6.547821353595598914e+00 5.851877892405138937e+01 1.178528150960008816e+03
1.221223428926008410e+02 5.859369511198379854e+01 1.180036911704240083e+03
1.473289639141862750e+01 5.883250923304210289e+01 1.173819857737833900e+03
2.345836036900251287e+01 5.874939878626631895e+01 1.172161647097447258e+03
3.152446330308856659e+01 5.904603453539682079e+01 1.167217545623766455e+03
4.016714778111870032e+01 5.894814625474048597e+01 1.165282497494081781e+03
4.877494923538171179e+01 5.884301262715703729e+01 1.163204223894236293e+03
9.482414676147026000e+01 3.897449253987858953e+01 7.704448212700478962e+02
5.804188391192367646e+01 5.943168621003518126e+01 1.164107369103342762e+03
7.584041398373858556e+01 5.988251777337159609e+01 1.162318649646501626e+03
6.659367293099703033e+01 6.039577697152410707e+01 1.161762875603831617e+03
8.585749263988036262e+01 6.060830932702688045e+01 1.165851111783062834e+03
-6.993438037493561410e+01 6.605124499255485659e+01 1.259252033205447560e+03
-6.214236905390762189e+01 6.526884228043513758e+01 1.244335702617988318e+03
-5.452726095120104333e+01 6.449821169687633926e+01 1.229643804996586823e+03
-4.621489278621307761e+01 6.410417067949211400e+01 1.222131502202546244e+03
-3.799901549990465099e+01 6.370744027917758956e+01 1.214567926931757938e+03
1.060274769378851971e+02 6.149827060740930307e+01 1.172450607247872995e+03
-2.940110844127733358e+01 6.405255960432106122e+01 1.210384120873565280e+03
-1.394096704019648669e+01 6.305960185985868804e+01 1.191620463433174564e+03
-5.584280355015701858e+00 6.337785772896074832e+01 1.187170511869206166e+03
1.093895843468399676e+01 6.288340496537388447e+01 1.177908606189893135e+03
1.910104268629906343e+01 6.317566869301086996e+01 1.173133305106274065e+03
2.781348051477327843e+01 6.308247676378180557e+01 1.171402788307520950e+03
4.581231556958487516e+01 6.358905450615016974e+01 1.170669865019259305e+03
1.290451375337015918e+02 6.453259124637277466e+01 1.188040307729808774e+03
5.395680894903889424e+01 4.883028186205479670e+01 8.837836134300212052e+02
-2.586076265673117547e+01 6.704194632993359448e+01 1.203240227949863083e+03
-6.602243337768409503e+01 7.033638643085996023e+01 1.251887301586907597e+03
-5.790993245777263354e+01 6.970707647612493929e+01 1.240686482479297638e+03
-4.993581178108559726e+01 6.908131913075523300e+01 1.229548894748470502e+03
-3.393099312827193614e+01 6.803292090112580581e+01 1.210888902427576568e+03
7.698543056834638776e+01 5.556688529223563933e+01 9.890112588377904785e+02
-4.209951028433648901e+01 6.902842530511600216e+01 1.218491585225043764e+03
-1.789045295196864416e+01 6.773129256364404682e+01 1.195594563839763168e+03
-9.491781342837596114e+00 6.803724785005762499e+01 1.191187520911520096e+03
-1.703345583475952552e+00 6.759183319486507457e+01 1.183389257524003824e+03
7.118378481289923343e+00 6.751283681544857984e+01 1.182006198915203413e+03
1.013625210503636396e+02 5.519664381703639577e+01 9.663758512976958173e+02
1.532520587708174276e+01 6.779136175194111047e+01 1.177268565801276281e+03
2.346335444398924608e+01 6.751165655829571222e+01 1.172411189822091728e+03
4.946005443731237960e+01 6.717521617717797255e+01 1.166568547415741477e+03
4.082915645645509528e+01 6.784171847573618663e+01 1.168676524116948940e+03
5.805399331649569916e+01 6.759057747423636897e+01 1.164350239357504961e+03
6.732730163389588540e+01 6.763308810993164855e+01 1.165082549550681051e+03
3.216283512641923892e+01 6.850174175873395654e+01 1.170640173874742914e+03
7.660396851245609184e+01 6.875575653687268129e+01 1.165689273489231255e+03
8.665114174346511788e+01 6.896423317779346007e+01 1.169223799125118830e+03
-4.681398208572854003e+01 5.136822770332967281e+01 8.573402718539960006e+02
-5.370072288663185844e+01 7.411725025378383691e+01 1.237023473899816963e+03
-4.489957637511886901e+01 7.387409914250065412e+01 1.232965260308079223e+03
-3.800657131832866042e+01 7.278627833405617764e+01 1.214809434628701865e+03
-2.988671297708247465e+01 7.233027209257215873e+01 1.207198650053868505e+03
1.068855865709667228e+02 7.045352990377908498e+01 1.175875656634038705e+03
-2.136606200098247754e+01 7.263525627291905096e+01 1.202924189664707683e+03
-1.342523776291575466e+01 7.216766678140677982e+01 1.195180364709238575e+03
-5.045604310198704923e+00 7.245265834059557619e+01 1.190702234595280970e+03
1.152215925615803549e+01 7.188554685596889726e+01 1.181382205110161522e+03
1.970581781285065048e+01 7.214197080409887519e+01 1.176577192821288691e+03
2.907007280597861509e+01 7.278173056123036133e+01 1.178049430796343358e+03
5.445868009891487560e+01 7.275325120087342157e+01 1.168764495067829102e+03
7.234331874522760586e+01 7.319492996839164789e+01 1.167114481459490662e+03
-4.423017810985448506e+01 5.394206170759807861e+01 8.537719417411183258e+02
-4.165730772506967838e+01 7.721901717064390880e+01 1.222189663170310723e+03
8.163200042878996499e+01 7.377165066644684543e+01 1.167626216742621864e+03
-4.951489280847990671e+01 7.849923689369930457e+01 1.233347111081599678e+03
-3.346812055144676634e+01 7.787157162509907948e+01 1.214584404801402343e+03
-2.537695962314301212e+01 7.794301396900314671e+01 1.206918148784286359e+03
-1.738506970580347755e+01 7.744420917987835651e+01 1.199194344917340004e+03
-8.962947099175112342e+00 7.715680670982425227e+01 1.194744026159437226e+03
-6.030373534247139844e-01 7.741820381373140947e+01 1.190195301763950283e+03
7.692413985162136925e+00 7.711411504566081021e+01 1.185520367378393985e+03
1.592100605456484530e+01 7.680301199561266401e+01 1.180737598335823577e+03
2.408053846666153319e+01 7.648509356643079116e+01 1.175850052485924380e+03
3.280363322582363850e+01 7.636705559974997470e+01 1.174035385825467074e+03
1.375761303927922086e+02 8.531720402795657776e+01 1.311631249389691448e+03
4.149503275785885137e+01 7.678724924808545893e+01 1.172090379522019248e+03
5.015190281768850156e+01 7.774289973171941881e+01 1.170016979412837145e+03
5.947326233627892123e+01 7.780234863375471832e+01 1.170911674941673482e+03
6.806994467217728584e+01 7.764235600811393567e+01 1.168503814040851239e+03
7.812761685592950300e+01 7.843719503161148054e+01 1.172237085837833320e+03
8.745193778264855666e+01 7.846483340431974796e+01 1.172650138924035446e+03
-5.286420403792231326e+01 8.385244262331039522e+01 1.244492255314022941e+03
-4.490850735907962843e+01 8.309229170688725219e+01 1.233210509681302483e+03
-3.615865637108615260e+01 8.281022957229984627e+01 1.229024297198641079e+03
-2.892969698752528984e+01 8.181745234672048639e+01 1.214290038662656571e+03
-2.086784730613118199e+01 8.185897142966901185e+01 1.206553696402761261e+03
-1.342797960750239206e+01 8.110390509303830697e+01 1.195424457132099405e+03
-3.957758363893450149e+00 8.180878849551709209e+01 1.197580597974827015e+03
3.835528202674644671e+00 8.126502014871715573e+01 1.189620494495771709e+03
1.085941136166262169e+02 8.078117742258505984e+01 1.182537628804406722e+03
2.970673855372199768e+01 8.181392683724125447e+01 1.181520709690767035e+03
2.778714021500630693e+01 6.165949629053139347e+01 8.904592974897037720e+02
4.718009811509242724e+01 8.208863143428189346e+01 1.177555715572484814e+03
-3.300075684838780177e+01 8.549310611076930400e+01 1.218241356201778899e+03
7.384401847319443846e+01 8.236482821416787203e+01 1.173664691711497426e+03
-2.439268457613095364e+01 8.575864985913774774e+01 1.213956589874938800e+03
-6.407134464070929880e+01 9.038778176991797864e+01 1.271091642792049470e+03
-4.865553751913761715e+01 8.823144637214529951e+01 1.240767855113063206e+03
-4.075920210958424406e+01 8.742909594492017789e+01 1.229484682734383568e+03
-6.031390872258510782e-01 8.464949215554405271e+01 1.190396090473731419e+03
8.269438307325581050e+00 8.454971795784521760e+01 1.188993000958999346e+03
-1.636114142109425629e+01 8.633351223775026995e+01 1.206166170012893645e+03
-8.430836909711860727e+00 8.577093451775817812e+01 1.198306392317428390e+03
1.652010876419214114e+01 8.531442570057694752e+01 1.184211429165092113e+03
5.153005715801590725e+01 8.531249266983928692e+01 1.176566980041669922e+03
2.532073400191996626e+01 8.629794794505467337e+01 1.182550546344556096e+03
6.019397821782281710e+01 8.624499341604582980e+01 1.174319033743460523e+03
4.216596532339139003e+01 8.688419733771793574e+01 1.175556428655155287e+03
6.954861837641655598e+01 8.684845857052243900e+01 1.175072877689430698e+03
7.890439555128675408e+01 8.744064088903517984e+01 1.175665565180996737e+03
-5.201752252387048259e+01 9.370590549235616606e+01 1.252051773148745951e+03
-3.616593184252287330e+01 9.200099372296317313e+01 1.229271588776003455e+03
-2.796172555371764190e+01 9.198765777604471339e+01 1.221480718694747338e+03
-1.934706317823930632e+01 9.165591306596429888e+01 1.217075565039473531e+03
-3.958579601103588974e+00 9.076520925105940307e+01 1.197829096659883135e+03
1.269894111691343142e+01 9.005005708080587112e+01 1.188391228503818184e+03
7.844366547524946043e+01 7.045237277810079490e+01 9.297604526962827549e+02
2.215133348823504278e+01 9.073054603222028902e+01 1.190046184327964738e+03
2.969502941903806104e+01 6.887750867713052116e+01 8.979224374394439110e+02
5.657534396481296568e+01 9.097255198811524224e+01 1.178796756730392872e+03
6.596759646130352905e+01 9.158726879642271967e+01 1.179632388920165567e+03
-4.778577857782127580e+01 9.808147734026836417e+01 1.248278437235068850e+03
-3.984981031598113788e+01 9.718364561371508614e+01 1.236851774271644445e+03
-3.157322637563045831e+01 9.656816544286100168e+01 1.229018586531644132e+03
-1.584622398726040160e+01 9.505801338773227371e+01 1.209798950995123960e+03
9.657973128747369174e+01 9.356477749373937058e+01 1.190794606660972022e+03
-7.355705057749444720e+00 9.526485985026208425e+01 1.205276521477524057e+03
-2.339865421374057775e+01 9.709077053278313940e+01 1.221171135305895177e+03
5.100937209243303627e-01 9.519277259110661760e+01 1.197298832217490144e+03
8.850436152181035965e+00 9.481637261770271152e+01 1.192564615151043427e+03
2.594806809440605022e+01 9.429582051068675241e+01 1.186017306853640321e+03
1.712320264810717418e+01 9.498658366036610801e+01 1.187737359755059970e+03
3.302038599104649563e+01 7.175574959917385343e+01 8.972528676355540256e+02
3.474426714562161322e+01 9.525565463726978521e+01 1.184195090275469738e+03
5.223402454338884127e+01 9.602509537161689934e+01 1.180074865913754365e+03
7.104401161103454854e+01 9.615865557311772704e+01 1.181716218481721626e+03
8.045302590626481276e+01 9.675837885036922614e+01 1.182309138007295815e+03
-5.921183173238801345e+01 1.213902353465419139e+02 1.474884372494969057e+03
-2.854069350674648931e+01 8.245740972964142657e+01 1.001852782140826776e+03
9.065595425732199431e+01 9.760937760303494315e+01 1.185948319687294997e+03
1.017366271300596310e+02 9.816157600372052627e+01 1.192657498472251518e+03
-2.648486207560598871e+01 1.019973300693626896e+02 1.232278100382246521e+03
-1.079519372594527660e+01 1.003851814066561587e+02 1.212800968086109151e+03
1.624193208526380872e+01 7.303803326687902597e+01 8.725727195813254866e+02
3.409573322984527977e+01 1.100596375285840054e+02 1.307576963893435277e+03
3.979460419305888763e+01 9.987540874329189933e+01 1.186581990134686976e+03
6.634600929725782237e+01 1.165130633313419963e+02 1.369073965647246723e+03
6.671363383785174506e+01 1.006865874035298560e+02 1.183106696903383408e+03
-2.239101284614067211e+01 1.051122404397126786e+02 1.228377293894410514e+03
5.628125366022615594e+01 7.434041016422638393e+01 8.687672480628798439e+02
-3.846120330751517713e+01 1.073685607768715471e+02 1.247942912551461404e+03
-3.060898405415200330e+01 1.063731245634454723e+02 1.236372974774017166e+03
-1.427751692949486539e+01 1.055670252008140722e+02 1.220387458857364663e+03
-6.267992697488807607e+00 1.048698770513682206e+02 1.212328210650541223e+03
1.060920195904781060e+01 1.046068279438302397e+02 1.202801547142235222e+03
7.654416264206678022e+01 7.361295645396465659e+01 8.464244605532453534e+02
2.204072487962877691e+00 1.055913844998499229e+02 1.207645353489440140e+03
1.894532651047553529e+01 1.047375017646225785e+02 1.197879523421896920e+03
2.721015178338928564e+01 1.048541925237230146e+02 1.192850660450806117e+03
3.605382835269254116e+01 1.046887569019036164e+02 1.190968618483769660e+03
3.849731278267595513e+01 8.952481563641420337e+01 1.007764272921957172e+03
6.309510256733373978e+01 1.055088841385297513e+02 1.187693972389746023e+03
7.255745248473820652e+01 1.061305816615908668e+02 1.188452185873405597e+03
9.309498978069690622e+01 1.073594644532754643e+02 1.195966462157515707e+03
-2.548744395735298696e+01 1.118607016358841832e+02 1.239668097470407247e+03
-1.780320361736714574e+01 1.108111363751107916e+02 1.228036554390790116e+03
-9.289700439340101923e+00 1.051976973833910591e+02 1.165827028316272390e+03
6.126185698339951635e+00 1.091741295564530105e+02 1.203672808406816557e+03
1.072372693558121597e+02 1.013164763942676103e+02 1.111325042329993494e+03
4.248330252908473170e+01 1.105206990006142718e+02 1.200005563924588614e+03
6.894669259215145019e+01 1.104417340504838023e+02 1.193105715496393714e+03
-2.085664840166101186e+01 1.164541514243195479e+02 1.239323334663211881e+03
-1.268094232713477076e+01 1.156858432812496318e+02 1.231146878965648284e+03
1.057217716692927354e+02 1.190627293280941217e+02 1.267084229632556344e+03
-4.611923845779669406e+00 1.154859779300309839e+02 1.222949249766972571e+03
3.349913676715841504e+00 1.147071641506207982e+02 1.214701930531256039e+03
1.179958271215588006e+01 1.148111054881514974e+02 1.209826798428974826e+03
2.017891487856176269e+01 1.143363882344404914e+02 1.204824445627176829e+03
2.912601077804239580e+01 1.141682305814392748e+02 1.203052477365946288e+03
4.692346387776689909e+01 1.143489926850838856e+02 1.199063711167028259e+03
3.804282481389039106e+01 1.151091098185507207e+02 1.201159322283568372e+03
5.576734354741277855e+01 1.146961751693363993e+02 1.196850364424546342e+03
6.530651053844424325e+01 1.153436539609559901e+02 1.197776862051247008e+03
7.484993438328739046e+01 1.159758305821966076e+02 1.198536289396929533e+03
8.518692546286270328e+01 1.169137115124700017e+02 1.202432533917087085e+03
-7.532488756006706865e+00 1.211581335436827089e+02 1.234243593867813388e+03
1.675268835035867321e+00 1.216065395369372197e+02 1.232952971206348593e+03
9.061524390903324289e+00 1.204284032971656160e+02 1.221008000295708825e+03
2.592677750114122404e+01 1.199917520139969298e+02 1.210854507480055872e+03
5.093426998948866746e+00 1.237097375781237361e+02 1.225303651693623124e+03
8.557880918030242867e+01 1.278502814125911726e+02 1.266314356102939200e+03
-8.614214495587049214e+00 9.861190083107250359e+01 9.677758403205082232e+02
-2.357951567098704793e+00 1.260745392270187608e+02 1.237293796338657785e+03
2.268486127901260829e+01 1.253177576882895323e+02 1.218709140984050009e+03
3.107620697666157383e+01 1.253461145493245397e+02 1.213480434300126035e+03
4.901926661508426264e+01 1.249227994611237165e+02 1.209382305060758199e+03
5.866230058832606176e+01 1.267339968369833372e+02 1.210517849545622084e+03
1.732267418345202969e+01 1.369533282532708256e+02 1.241741749074381687e+03
1.652222660673872667e+01 8.699950763604633153e+01 7.888155925704136280e+02
3.439555525970849459e+01 1.357697043518149087e+02 1.231009952831196870e+03
2.535587381035695032e+01 8.813820552934255659e+01 7.667144455026509604e+02
